-3.7921260566
2.1819420293 1.5877570331 1.3184230490 2.4348575940 1.6991446240 
Runtime: 0.3001179993


-3.1916357391
2.2022193765 2.8744517862 1.2010433343 1.1588767585 1.7243055521 
Runtime: 0.4703859985


-2.9833129328
2.0352068997 1.5012247722 1.2676338069 1.0647045396 1.4040864520 
Runtime: 0.3250440061


-3.4977663797
2.0080565864 1.5350383272 1.2485069475 0.9915946361 1.7282124169 
Runtime: 0.3009000123


-3.2116679544
2.1423221062 1.9620310829 1.2800674640 1.1175970171 0.9396489142 
Runtime: 0.2979219854


-3.1886705434
0.7742423266 1.5594202793 1.2350726058 1.0913095696 1.6727073734 
Runtime: 0.2974489927


-3.0801409610
2.0987833341 1.5614755778 2.2289142884 1.9615577051 1.8733895943 
Runtime: 0.3012360036


-3.2506169974
2.2275360999 1.5609243024 2.1807376124 2.2158814189 1.7425335930 
Runtime: 0.3078849912


-3.5681291080
2.1139374153 1.5648131908 2.2020096521 1.8613034804 2.2318564212 
Runtime: 0.3185540140


-3.5381844724
2.9785529543 1.5775764147 2.1987858895 1.9449055928 1.7292310780 
Runtime: 0.3208140135


-3.3182799897
0.9021801636 1.5076483290 1.2263001364 1.0930532777 1.0145924076 
Runtime: 0.3151240051


-2.9999268115
1.4533776630 1.6674942256 1.2695213260 1.9123024468 2.6200861274 
Runtime: 0.3155309856


-3.7026362096
2.1434905703 1.5594562321 2.2965713591 1.9216082152 1.6911211701 
Runtime: 0.4339219928


-3.4486427012
2.1258617419 1.4632706595 1.3681516850 1.0279188911 1.7121774934 
Runtime: 0.3315289915


-3.0921609133
2.0841805282 1.9486746387 2.2233416132 1.9290324566 0.9644742835 
Runtime: 0.3166329861


-3.4613615551
2.3075788907 1.5633031756 1.2908832476 2.0382988356 1.7430728841 
Runtime: 0.3470610082


-3.3437513795
2.2378365608 2.6967613446 1.3446385909 1.1104663897 2.2508095090 
Runtime: 0.3144440055


-2.9227294152
2.3066321351 1.5395444044 2.2305201776 1.0308909845 0.7767050895 
Runtime: 0.3183290064


-3.2073534622
2.0153310248 1.5538955411 1.3068642420 1.0958396153 2.1091856611 
Runtime: 0.5686039925


-3.3369476894
2.1734092449 1.6051282003 1.2768077486 1.0478726636 0.6123051787 
Runtime: 0.3106949925


-3.2605231331
2.2966192961 1.6471389808 1.4540248124 1.1137860263 2.2226525189 
Runtime: 0.3055300117


-3.2923874332
2.2315328465 1.5814832794 1.3465141257 1.8929418945 0.3448527215 
Runtime: 0.3139500022


-3.4122584808
2.2430916535 1.6073812389 1.5008952054 1.1435728741 1.0063712136 
Runtime: 0.3643859923


-3.1968044364
2.1409798704 2.7141924330 1.3287235099 0.9867110552 1.7047532519 
Runtime: 0.3283979893


-3.4686779507
2.0669711484 1.5925926771 2.3383184862 1.1048637539 1.7227416078 
Runtime: 0.4555270076


-3.2789781612
2.0845640241 1.5633331362 1.4130506693 2.4485256286 1.7116681629 
Runtime: 0.3396500051


-3.0637210894
1.1080635480 1.6589374727 2.2180985048 2.4962588874 1.7225738283 
Runtime: 0.3463740051


-3.9701131909
2.0289511224 1.5001461899 1.2468531213 1.1442919290 1.7169891689 
Runtime: 0.3025360107


-3.3141834760
2.0757436177 2.7403420616 2.2557290427 1.1062599187 1.0000495229 
Runtime: 0.3708980083


-3.2803485027
1.3124728699 1.5661494344 1.2972768438 1.0713378207 1.7637457115 
Runtime: 0.6034250259


